1.0000000 2.0000000 40.5373722 7.0869452 9.5547502 -0.5548849
0.8263600 2.9847616 39.3662928 6.9209293 9.7585457 -0.8622243
0.6495536 3.9688922 38.1108842 6.7672977 9.9317528 -1.2310675
0.4678344 4.9520079 36.7631481 6.6297952 10.0664023 -1.6241469
0.2791116 5.9336292 35.3293153 6.5117208 10.1576228 -1.9888134
0.0811629 6.9132271 33.8310637 6.4153304 10.2053264 -2.2752008
-0.1280657 7.8902876 32.3002381 6.3415308 10.2141055 -2.4532428
-0.3501770 8.8643689 30.7699983 6.2899567 10.1914681 -2.5181347
-0.5861524 9.8351342 29.2673873 6.2593045 10.1456011 -2.4838757
-0.8363260 10.8023648 27.8101572 6.2477038 10.0837884 -2.3732917
-1.1004678 11.7659593 26.4072028 6.2530116 10.0117509 -2.2104989
-1.3779168 12.7259251 25.0606701 6.2730150 9.9336217 -2.0166817
-1.6677213 13.6823638 23.7683228 6.3055583 9.8522205 -1.8086386
-1.9687615 14.6354528 22.5254744 6.5689553 9.7693884 -1.2781867
-2.2798896 15.5855589 21.3657577 7.3656927 9.7042508 -0.4701240
-2.5981422 16.5335294 20.3105551 8.1251118 9.3708028 -0.0715940
-2.9189969 17.4806570 19.3025958 8.8571168 9.0110925 0.0163762
-3.2402463 18.4276516 18.3043215 9.5813054 8.6532754 0.0838885
-3.5614051 19.3746758 17.3126865 10.2968179 8.2971351 0.4167083
-3.8820936 20.3218326 16.3520310 10.9669585 7.9489791 1.3550847
-4.2004043 21.2695240 15.4742145 11.5000093 7.6236159 2.7493376
-4.5109637 22.2188670 14.7151719 43.0262258 7.3358266 14.2130219
-4.7975939 23.1449120 15.0855027 46.0680539 7.3538059 13.8214627
-5.0078311 24.0929249 15.7049257 18.3511788 7.5092879 13.0513792
-5.1423392 25.0577620 16.5953563 9.5178765 7.8067224 0.3200176
-5.2054675 26.0557518 15.6454777 17.3642072 7.7352902 12.9145243
-5.2651887 27.0286251 16.8903562 13.1319102 7.7854521 7.8620922
-5.2520550 28.0191382 16.7429127 13.1035108 7.4549339 8.8954248
-5.1939258 29.0053988 16.7486285 12.6504554 7.1937964 8.2497762
-5.0848531 29.9890218 16.7810169 12.3820210 6.9787557 8.0634744
-4.9287862 30.9667577 16.8997324 12.1253985 6.8165585 7.7269468
-4.7270101 31.9369169 17.0944892 11.8995730 6.7049376 7.3077916
-4.4817200 32.8979856 17.3586698 11.7050943 6.6418851 6.8091985
-4.1955931 33.8488138 17.6798079 11.5423848 6.6244817 6.2026545
-3.8717213 34.7887250 18.0294421 11.4160339 6.6475761 5.5796972
-3.5138072 35.7174036 18.3871578 11.3207765 6.7069799 4.9810493
-3.1256079 36.6348797 18.7365212 11.2499520 6.7990527 4.4010094
-2.7106730 37.5414891 19.0558312 11.1999709 6.8855893 3.9542411
-2.2724343 38.4376985 19.3600428 11.1583666 6.6010534 4.7740887
-1.8142112 39.3226307 19.3911564 11.0172305 6.3550105 5.1634396
-1.3318994 40.1939950 19.2448393 10.8199370 6.1453870 5.2105729
-0.8237026 41.0504344 19.1594318 10.5972004 5.9690105 5.0347577
-0.2896656 41.8913283 19.1008131 10.3661141 5.8226371 4.7243398
0.2690002 42.7166216 19.0414295 10.5956917 5.7031068 6.0940609
0.8487990 43.5244355 19.3604747 10.7160356 5.6517312 6.8134239
1.4559578 44.3101094 20.0258905 10.6623855 5.6699114 6.5296748
2.0940811 45.0715994 20.8691158 10.5870566 5.7426400 5.8908843
2.7614199 45.8092477 21.8000864 10.5323472 5.8604109 5.2005644
3.4544143 46.5244699 22.2086041 10.5014782 6.0174342 4.5148889
4.1694290 47.2191335 21.8082145 10.4932603 6.2078863 3.8638261
4.9030354 47.8953589 21.3357761 10.5053542 6.4259589 3.2660114
5.6521327 48.5553645 20.7892420 10.5351314 6.6661381 2.7318156
6.4140009 49.2013408 20.1708712 10.5800108 6.8750739 2.3651470
7.1862555 49.8353122 19.5003241 10.6294889 6.6715384 2.9486091
7.9667890 50.4583061 18.9106812 10.6113217 6.4966371 3.3630449
8.7575746 51.0675818 18.3824569 10.5391616 6.3508418 3.5726061
9.5599450 51.6611462 17.8905929 10.4296131 6.2328375 3.5972723
10.3744494 52.2379009 17.4106047 11.8391836 6.1403611 9.0583170
11.1921429 52.7916066 17.8294353 11.6172574 6.2365116 7.9840464
12.0401470 53.3030718 18.2604461 27.6291534 6.3930632 15.0672265
12.8892163 53.7629697 19.9115108 10.2541969 6.9389301 1.6503671
13.8060962 54.1610926 18.9226164 27.2118750 7.0959365 15.4698150
14.6937695 54.5364468 18.1333334 28.2023815 8.0316869 14.9722827
15.6134706 54.8320889 17.4634934 29.5291955 8.4633442 14.3897060
16.5577270 55.0480049 16.8936930 31.2674962 8.6902086 13.7985024
17.5191116 55.1853133 16.4094058 33.5478274 9.0893479 13.2377581
18.4906527 55.2458967 16.0010208 35.1616978 9.6895987 12.7289665
19.4659787 55.2321166 15.6635818 36.6287616 10.5336518 13.1491077
20.4360227 55.1468833 15.4548881 37.5525933 11.7640995 13.3997990
21.3958194 54.9885018 15.3897861 38.1710349 11.7643386 13.4762276
22.3402125 54.7565250 15.4680161 39.0823371 10.9849836 13.3842886
23.2640857 54.4517713 15.4282096 40.3202591 10.3232208 13.4312158
24.1615144 54.0767130 15.5533717 41.9964266 9.7720313 13.2825569
25.0277433 53.6330231 15.8656311 17.6858753 9.3254962 12.1170651
25.8612608 53.1219590 16.2831770 14.8628299 8.9624191 9.6865326
26.6635052 52.5491648 16.6034692 13.8468430 8.6423557 7.3444655
27.4370820 51.9284899 16.7322124 13.5761635 8.3396388 7.4630788
28.1833075 51.2755912 17.0130731 13.2604494 8.0869044 7.2289234
28.9009436 50.5906355 17.4160558 12.9741212 7.8786186 6.9332942
29.5896591 49.8757235 17.9526889 12.7161441 7.6144103 6.9571080
30.2490169 49.1337156 18.7417324 12.4342492 7.3175957 7.0140360
30.8778016 48.3657844 19.8883636 12.1288592 7.0647077 6.8128340
31.4750615 47.5725578 20.2387985 11.8314704 6.8521941 6.4710096
32.0408813 46.7557674 20.3638699 11.5521250 6.6767942 6.0207286
32.5760776 45.9175769 20.5046858 11.2951220 6.5346529 5.5476346
33.0820643 45.0604703 20.6471361 11.0571168 6.4229417 5.0572439
33.5605484 44.1868099 20.5970922 10.8355796 6.3386171 4.5598139
34.0134852 43.2988189 19.9981386 10.6283067 6.2785337 4.0666459
34.4430101 42.3985527 19.3627571 10.4332998 6.2395422 3.5884582
34.8513615 41.4878762 18.6877122 61.5714806 6.2185839 15.3455374
35.2274836 40.5999021 19.2474332 9.4501602 6.6447991 0.9898944
35.5347180 39.6484251 18.3556008 84.7023568 6.6976557 15.1347598
35.8260451 38.7281205 19.1841325 12.8027280 7.4117418 8.0202436
36.0415937 37.7616465 19.3189077 13.0327946 8.0401794 6.5303034
36.2125273 36.7829496 19.3306458 13.5894567 8.5287154 6.7996702
36.3461626 35.7990170 19.4798888 13.7433697 8.6265534 7.0146557
36.4408187 34.8110260 19.7912131 13.6821713 8.8069556 6.0202406
36.4952855 33.8180338 19.9670409 13.7952269 9.0219436 5.5991063
36.5150187 32.8230005 19.8065972 13.9062756 9.2898670 4.9907662
36.5023681 31.8268721 19.5967200 14.0614677 9.0058186 6.7799786
36.4609702 30.8347286 19.7507204 13.7893847 8.7078037 6.8799245
36.3805780 29.8451894 20.0435709 13.4822300 8.4555387 6.6675661
36.2606852 28.8592155 20.4392956 13.1940455 8.2436776 6.3436762
36.1026204 27.8779882 20.9264831 12.9334224 8.0688301 5.9754479
35.9083889 26.9025720 21.5015774 12.6982950 7.9283272 5.5857672
35.6802697 25.9338164 22.1623382 12.5747328 7.8196973 5.5258764
35.4208127 24.9728745 23.0308528 12.4872123 7.7514721 5.4491500
35.1306073 24.0206335 24.1575060 12.3705581 7.7250578 5.0999259
34.8102248 23.0775253 25.4818082 12.2605547 7.7326092 4.6689258
34.4618139 22.1437243 26.9809934 12.1652606 7.7693713 4.2167307
34.0879655 21.2191537 28.6389065 12.0856929 7.8165626 3.8138681
33.6913727 20.3035720 30.4738902 12.0165503 7.6502612 4.1199633
33.2747317 19.3973444 32.8670130 11.8933713 7.5181483 4.1489625
32.8365236 18.5013873 33.5096215 11.7440619 7.4157273 3.9982700
32.3767494 17.6160930 34.2283958 11.5851094 7.3388704 3.7442994
31.8963792 16.7414617 34.9770204 11.4250586 7.2839859 3.4370274
31.3969158 15.8772036 35.7170391 11.2679418 7.2479127 3.1076990
30.8801112 15.0228184 36.4155954 11.1154243 7.2278221 2.7761031
30.3477931 14.1776607 37.0447422 10.9679610 7.2211772 2.4547082
29.8017599 13.3409927 37.5814330 10.8254192 7.2257126 2.1513941
29.2437188 12.5120289 38.0078891 10.6873936 7.2394318 1.8707824
28.6752505 11.6899717 38.3117787 10.5533785 7.2605987 1.6151887
28.0977921 10.8740383 54.9976698 10.4228582 7.2877239 1.3853148
27.5126315 10.0634814 53.6883682 10.2953497 7.3195465 1.1807482
26.9209105 9.2576019 52.4350230 10.1704222 7.3550127 1.0004058
26.3236323 8.4557578 51.2281870 10.0476974 7.3932547 0.8425993
25.7216710 7.6573680 50.0599319 9.9268556 7.4335620 0.7055029
25.1157837 6.8619128 48.9236027 9.8076244 7.4753625 0.5871330
24.5066225 6.0689326 47.8136336 9.6897752 7.5181992 0.4855269
23.8947461 5.2780246 46.7253739 9.5731153 7.5617124 0.3988242
23.2806309 4.4888389 45.6549373 9.4574810 7.6056239 0.3252305
22.6646812 3.7010739 44.5990873 9.3427339 7.6497214 0.2631667
22.0472387 2.9144713 43.5551202 9.4079112 7.6938491 0.2708022
21.4285930 2.1288154 42.5111111 10.0628795 7.7407193 0.5802725
20.8087351 1.3441666 41.4197001 10.6729662 7.8048869 1.0569624
20.1863059 0.5617079 40.2594812 11.2081902 7.8979038 1.6425240
19.5592284 -0.2167213 39.0222121 11.6438398 8.0312363 2.1767539
18.9249391 -0.9888836 37.7255952 11.9779056 8.2108325 2.4991105
18.2810724 -1.7527778 36.4069042 12.2336595 8.3675090 2.7251076
17.6262887 -2.5070972 35.0835471 12.4238398 8.2165055 3.6282977
16.9602157 -3.2502944 33.6877547 12.4706338 8.1138232 4.0893179
16.2789834 -3.9788801 32.2829622 12.3697023 8.0538652 3.9588171
15.5805129 -4.6911809 30.9288888 12.0602248 8.0214149 3.1571374
14.8652129 -5.3878249 29.6719829 11.7853131 7.9907923 2.5601656
14.1368656 -6.0715755 28.4805882 11.5317000 7.9623584 2.0927130
13.3981735 -6.7446287 27.3358106 11.2921910 7.9358311 1.7162453
12.6511804 -7.4087855 26.2253227 11.0624858 7.9107604 1.4081553
11.8974836 -8.0655482 25.1406025 10.8398369 7.8866964 1.1537770
11.1383569 -8.7161795 24.0755201 10.6224012 7.8632502 0.9427378
10.3748288 -9.3617445 23.0255450 10.4088989 7.8401059 0.7672805
9.6077365 -10.0031416 21.9872617 10.1984166 7.8170180 0.6214034
8.8377652 -10.6411279 20.9580552 9.9902861 7.7938050 0.5002710
8.0654765 -11.2763396 19.9359023 9.7840096 7.7703378 0.3999589
7.2913317 -11.9093097 18.9192240 9.5792083 7.7465315 0.3171789
6.5157092 -12.5404824 17.9067824 9.3755901 28.8418050 -14.3264541
5.7630686 -13.1506483 17.5413941 9.8103223 28.4446424 -14.0013115
5.0623175 -13.8217749 17.2872764 10.2403816 28.1668707 -13.7533494
4.4172847 -14.5480057 17.1532586 10.2515671 27.5799747 -13.6158606
3.8314905 -15.3235227 17.1596879 10.4128947 27.0159118 -13.6225680
3.3083725 -16.1425927 17.3439834 10.7530328 26.5599395 -13.8101481
2.8515381 -16.9995186 17.7712226 11.3200178 11.0837907 0.0266448
2.4528101 -17.9165878 16.7683293 11.2236713 25.3184687 -13.1971271
2.0644739 -18.8093773 17.3109904 10.6461580 25.0320596 -13.7772040
1.7459801 -19.7268999 18.2836328 10.1863393 24.8804495 -14.6191584
1.5022344 -20.6633217 19.6588406 9.8581080 24.9152609 -15.2432302
1.3386108 -21.6141644 18.8463011 9.6751154 25.1708767 -14.9654159
1.2588435 -22.5769475 18.1615724 9.6335356 25.6057647 -14.5293725
1.2622541 -23.5449607 17.5874344 9.7392405 26.2290253 -14.0443805
1.3467853 -24.5113789 17.1105356 10.0046468 27.0664208 -13.5711125
1.5095443 -25.4697358 16.7226062 10.4507951 27.9761865 -13.1451518
1.7471839 -26.4140917 16.4208670 11.1104236 28.6450658 -12.7912195
2.0561670 -27.3390306 15.7555202 12.0333536 29.5275336 -12.5759187
2.4328862 -28.2394055 15.1421509 12.5019325 30.7049494 -13.2975402
2.8726848 -29.1075492 14.6320552 11.6926996 32.5490366 -13.8339022
3.3766094 -29.9375416 14.2335043 11.0081607 35.3643422 -14.2062035
3.9441617 -30.7234532 13.9566827 10.4482304 39.2821119 -14.4377396
4.5734532 -31.4595429 13.8160329 10.0128062 39.7996977 -14.5462144
5.2614066 -32.1404527 13.8329424 9.7031419 40.6341668 -14.5335116
6.0039936 -32.7614122 14.0385765 9.3099915 41.8321494 -14.3716864
6.7964972 -33.3184842 14.4758877 8.7424899 43.4460430 -13.9849821
7.6338005 -33.8089124 15.1974450 8.2806967 44.4946521 -13.2357159
8.5106616 -34.2316334 16.2501199 7.9119097 45.6734013 -12.5828743
9.4195977 -34.5871273 17.2718094 7.6294107 47.1036428 -13.7377025
10.3475653 -34.8743216 18.3889949 7.4684670 22.6361632 -14.6926243
11.2913618 -35.0862609 20.3471962 7.4521516 15.6732048 -13.9336783
12.2529419 -35.2180933 23.2347798 7.5628701 13.0881670 -7.9977954
13.2416686 -35.2734186 25.2202373 7.6212417 12.7941363 -6.7427633
14.2347071 -35.2828555 27.3617726 7.7126595 12.7332325 -6.1622389
15.2284922 -35.2533866 28.1244873 7.8508260 12.7149884 -5.5171913
16.2217295 -35.1883026 27.6616534 8.0290400 12.7422936 -4.9316743
17.2132969 -35.0913301 27.1657984 8.2442126 12.8007533 -4.3705994
18.2024660 -34.9658833 26.6300318 8.4801106 12.8860046 -3.8757552
19.1887431 -34.8152559 26.0537711 8.4092108 12.9898885 -4.4539123
20.1706543 -34.6425717 25.5555608 8.3903973 12.9717965 -4.4564224
21.1477630 -34.4445287 25.0748123 8.4097973 12.9155879 -4.1990695
22.1197450 -34.2211688 24.5794748 8.4588107 12.8560546 -3.8486297
23.0864015 -33.9740456 24.0540218 8.5320734 12.8045675 -3.4730375
24.0476902 -33.7052440 23.4905672 8.6255936 12.7642082 -3.1012732
25.0037112 -33.4169785 22.8852728 8.7360388 12.7352006 -2.7470060
25.9546785 -33.1114229 22.2368676 8.8605016 65.6196606 -15.2713022
26.8682905 -32.8016828 23.4419994 9.7720295 12.2200303 -0.5411965
27.7834559 -32.3987150 22.5276807 9.9553833 18.4686407 -14.2609064
28.6692251 -32.0053568 23.4869104 11.2619897 13.4686839 -0.3939680
29.5467243 -31.5258280 22.5321786 11.6113942 16.4740332 -5.5110599
30.4190917 -31.0465037 22.1720677 12.5119770 16.7044227 -3.2469433
31.2782639 -30.5379616 21.5590763 12.3625021 17.7213776 -7.4206034
32.1219221 -30.0168468 21.4879667 11.9591474 16.9203260 -5.9170353
32.9448851 -29.4581835 21.2818822 11.5728587 16.6878743 -6.5248674
33.7472364 -28.8722487 21.2173733 11.2385601 16.2674973 -6.1946987
34.5273187 -28.2559471 21.1719541 10.9390370 15.9340061 -6.0605530
35.2849188 -27.6118236 21.1760810 10.6770209 15.6213885 -5.8464307
36.0196671 -26.9411755 21.2193236 10.4497504 15.3379213 -5.6144401
36.7315096 -26.2456837 21.2994712 10.2555815 15.0787872 -5.3538516
37.4205936 -25.5270341 21.4108201 10.0924078 14.8423066 -5.0697212
38.0872941 -24.7869655 21.5465163 9.9580009 14.6267226 -4.7673773
38.7321986 -24.0272348 21.6985476 9.8500385 14.5502298 -4.8830405
39.3557022 -23.2500620 21.9777695 9.7562868 14.4895707 -5.0068256
39.9567909 -22.4556594 22.4164735 9.4200525 14.3700977 -5.8701774
40.5336866 -21.6452698 23.3153808 9.1336657 14.0943054 -5.9147631
41.0825754 -20.8157507 24.5348278 8.8853706 13.7973733 -5.7120807
41.6028340 -19.9675615 26.0663728 8.6701120 13.5112593 -5.4250180
42.0949065 -19.1021562 27.6550172 8.4848134 13.2418636 -5.0970128
42.5597069 -18.2212092 28.2574062 8.3268042 12.9894200 -4.7451639
42.9984469 -17.3264110 28.8969225 8.1934888 12.7527495 -4.3799395
43.4125568 -16.4193936 29.5574638 8.0822951 12.5303011 -4.0097318
43.8036282 -15.5016934 30.2211194 7.9906955 12.3204589 -3.6419172
44.1733618 -14.5747294 30.8687092 7.9162481 12.1216509 -3.2827613
44.5235181 -13.6397902 31.4805168 7.8566330 11.9324119 -2.9375491
44.8558733 -12.6980292 32.0372652 7.8096888 11.7514041 -2.6105262
45.1721800 -11.7504662 32.5211587 7.7734416 11.5774240 -2.3046124
45.4741332 -10.7979920 32.9166917 7.7461139 11.4094178 -2.0218246
45.7633463 -9.8413776 33.2114745 7.7261364 11.2464663 -1.7630657
46.0413310 -8.8812849 33.3966116 7.7121388 11.0877853 -1.5285101
46.3094864 -7.9182786 33.4669303 7.7029434 10.9327094 -1.3176792
46.5690923 -6.9528378 33.4208769 7.6975498 10.7806788 -1.1295328
46.8213080 -5.9853676 33.0866206 7.6951149 10.6312295 -0.9627407
47.0671742 -5.0162094 32.2968258 7.6949362 10.4839776 -0.8157599
47.3076180 -4.0456508 31.4722872 7.6964329 10.3386066 -0.6869407
47.5434601 -3.0739333 30.6173573 7.6991291 10.1948566 -0.5746067
47.7754220 -2.1012601 29.7361298 7.7026380 10.0525137 -0.4771142
48.0041346 -1.1278018 28.8323758 7.7066481 9.9114019 -0.3929175
48.2301468 -0.1537015 27.9095146 7.7109122 9.8509329 -0.3591190
48.4539326 0.8209167 26.9779757 7.7169503 10.2383125 -0.5931785
48.6756742 1.7959672 26.0878746 7.4891790 10.5965410 -1.1590696
48.8940167 2.7716298 25.2979567 7.2618427 10.8886816 -1.9531450
49.1056959 3.7483745 24.6484959 7.0621990 11.0848378 -2.8043591
49.3061411 4.7268570 24.1545393 6.8971887 11.1740992 -3.4858443
49.4904814 5.7078370 23.7964962 6.7690674 11.1718237 -3.8658908
49.6548321 6.6919322 23.5313623 6.6759217 11.1077875 -3.9580030
49.7970092 7.6793638 23.3128784 6.6139682 11.0094865 -3.8432463
49.9164458 8.6699405 23.1025048 6.5791451 10.8954832 -3.6018042
50.0137474 9.6632108 22.4026654 6.5676469 10.7764455 -3.2922088
50.0902529 10.6586247 21.3767818 6.5759962 10.6579520 -2.9533670
50.1477080 11.6556424 20.3609616 6.6010303 10.5426642 -2.6103369
50.1880431 12.6537901 19.3523574 6.6398943 10.4316578 -2.2789007
50.2132268 13.6526818 18.3486286 6.6900442 10.3251774 -1.9686203
50.2251708 14.6520202 17.3479819 6.7492519 10.2230512 -1.6847311
50.2256710 15.6515878 16.3491191 6.8155979 10.1249220 -1.5100893
50.2163746 16.6511973 15.3513128 6.8908023 10.0258351 -1.2313137
50.1982956 17.6508029 14.3537715 6.9687797 9.9323553 -0.9923288
50.1730549 18.6503343 13.3560911 7.0483265 9.8436650 -0.8216629
50.1420430 19.6497504 12.3581681 7.1299563 9.6185252 -0.5695078
